Best Fitness: 20.3
Epidemic Profile
V0   [0  128]: 1 2 2 3 3 4 5 5 4 1 1 2 2 1 4 4 3 5 3 2 3 8 10 17 18 12 8 5 6 5 1 2 1 1 2 1 2 1 1 1 
Self-Driving Automata
0 <- 1
0 + 0 -> 11 [ 0 ]
0 + 1 -> 3 [ 0 0 ]
1 + 0 -> 5 [ 1 1 ]
1 + 1 -> 2 [ 1 ]
2 + 0 -> 2 [ 0 ]
2 + 1 -> 0 [ 0 ]
3 + 0 -> 11 [ 0 1 ]
3 + 1 -> 0 [ 1 ]
4 + 0 -> 6 [ 0 0 ]
4 + 1 -> 4 [ 0 1 ]
5 + 0 -> 6 [ 0 0 ]
5 + 1 -> 7 [ 1 ]
6 + 0 -> 6 [ 0 ]
6 + 1 -> 1 [ 0 ]
7 + 0 -> 6 [ 0 ]
7 + 1 -> 10 [ 0 ]
8 + 0 -> 11 [ 1 0 ]
8 + 1 -> 1 [ 0 1 ]
9 + 0 -> 2 [ 1 ]
9 + 1 -> 6 [ 0 0 ]
10 + 0 -> 3 [ 1 1 ]
10 + 1 -> 5 [ 1 1 ]
11 + 0 -> 1 [ 0 ]
11 + 1 -> 8 [ 1 ]
Graph
Nodes: 256
Edges: 381
Tot Weight: 381
Max Weight: 1
W Hist: 32259 381 
1 3 95 130 195 
0 121 
163 
0 27 164 
5 
4 105 
7 246 
6 8 9 198 247 
7 9 10 199 
7 8 
8 99 
12 100 210 
11 211 226 
24 179 
25 180 
16 123 
15 
61 

77 160 162 
78 163 176 
54 177 249 
23 
22 24 65 86 168 
13 23 66 75 87 
14 71 164 
49 72 165 
3 
48 65 82 103 104 248 
30 49 66 105 106 249 
29 32 48 153 217 
105 
30 106 
36 39 41 42 111 180 
37 40 112 162 181 242 
39 108 163 172 243 
33 126 
34 
39 117 134 241 
33 35 38 40 135 
34 39 
33 46 55 81 
33 56 114 216 219 
115 220 

58 93 
41 61 126 
48 127 196 
28 30 47 82 
26 29 
57 60 112 121 213 
156 186 231 
153 187 
154 168 224 
21 76 169 225 
41 57 136 
42 58 214 
50 55 114 
45 56 59 170 
58 60 171 
50 59 72 
17 46 73 131 179 
78 132 180 
79 

23 28 156 
24 29 69 157 
149 218 
150 219 
66 70 
69 
25 204 254 
26 60 198 255 
61 92 111 142 241 
93 112 
24 
54 80 104 129 185 
19 81 104 105 130 174 186 
20 62 105 
63 129 
76 82 109 115 130 141 163 
41 77 110 142 
28 48 80 83 203 
82 84 109 204 
83 90 95 110 

23 
24 104 108 
93 156 
94 119 132 157 
84 120 133 
136 244 
73 
45 74 88 
89 102 119 
0 84 96 103 120 187 
95 180 
181 228 
107 154 229 
10 108 140 155 
11 202 
104 
94 105 
28 95 134 
28 76 77 87 101 135 171 
5 29 31 77 78 102 
29 32 
98 109 114 154 213 
35 87 99 110 115 155 214 
80 83 107 
81 84 108 111 134 
33 73 110 112 135 171 
34 50 74 111 
198 
42 57 107 
43 80 108 
240 
38 121 153 241 

89 94 129 217 
90 95 130 218 
1 50 117 
136 154 
15 141 155 162 189 
137 142 163 190 
126 138 145 177 238 241 
36 46 125 
47 
221 
76 79 119 222 
0 77 80 120 
61 146 154 
62 89 147 155 
90 219 
38 103 110 136 220 
39 104 111 140 147 184 
55 91 122 134 139 
124 143 
125 144 248 
136 
99 135 195 
80 123 
73 81 124 143 
137 142 144 208 
138 143 
125 204 
131 179 205 
132 135 180 

67 165 
68 
254 
255 
30 52 117 
53 98 107 122 131 241 
99 108 123 132 163 
51 65 88 
66 89 168 179 
169 180 
160 196 
19 159 164 204 
165 205 
19 34 123 204 
2 20 35 80 124 155 165 172 
3 25 160 166 171 
26 149 161 163 
164 230 
231 
23 53 157 187 
54 158 
58 216 
59 104 111 164 
35 163 
176 
77 177 
209 
20 173 210 
21 125 174 228 
179 195 218 229 
13 61 146 157 178 180 196 219 
14 33 62 96 147 158 179 238 
34 97 


135 189 
76 190 239 
51 77 240 
52 95 168 
198 209 
123 184 210 
124 185 196 217 253 
219 
194 

192 220 242 
0 140 178 243 
47 159 179 190 
198 226 
7 72 113 188 197 
8 


100 
82 207 216 228 
71 83 145 160 162 
146 161 219 
220 244 
203 
143 238 
175 188 244 
11 176 189 213 245 
12 
224 
50 107 210 225 
56 108 

42 170 203 231 234 
30 119 190 241 
67 120 178 219 226 
42 68 133 179 191 205 218 220 227 
43 134 194 206 219 
128 
129 
225 230 
53 212 226 231 244 255 
54 213 223 245 
12 197 218 224 
219 
97 177 203 
98 178 
166 223 239 241 
51 167 216 224 240 

238 
216 



125 180 208 233 254 
185 230 240 255 
116 186 231 239 
38 73 117 125 154 217 230 
34 194 
35 195 
91 206 209 224 
210 225 251 
6 252 
7 
28 138 252 
21 29 252 253 
253 
245 
246 248 249 
190 249 250 
71 151 238 
72 152 224 239 

Best Fitness: 21.2667
Epidemic Profile
V0   [0  128]: 1 2 1 2 3 1 2 1 3 7 5 6 3 2 3 5 4 5 10 8 11 14 16 14 12 8 3 3 2 1 2 2 1 1 1 3 1 1 5 4 3 4 3 1 6 3 1 1 2 2 
Self-Driving Automata
0 <- 1
0 + 0 -> 11 [ 0 ]
0 + 1 -> 3 [ 0 ]
1 + 0 -> 5 [ 1 1 ]
1 + 1 -> 2 [ 1 ]
2 + 0 -> 2 [ 0 ]
2 + 1 -> 0 [ 0 ]
3 + 0 -> 11 [ 1 ]
3 + 1 -> 10 [ 1 0 ]
4 + 0 -> 5 [ 0 0 ]
4 + 1 -> 10 [ 0 0 ]
5 + 0 -> 6 [ 0 0 ]
5 + 1 -> 7 [ 1 ]
6 + 0 -> 6 [ 0 ]
6 + 1 -> 1 [ 0 ]
7 + 0 -> 6 [ 0 0 ]
7 + 1 -> 10 [ 0 ]
8 + 0 -> 11 [ 0 0 ]
8 + 1 -> 1 [ 0 ]
9 + 0 -> 2 [ 1 ]
9 + 1 -> 6 [ 0 1 ]
10 + 0 -> 9 [ 0 0 ]
10 + 1 -> 5 [ 1 1 ]
11 + 0 -> 1 [ 0 ]
11 + 1 -> 8 [ 1 ]
Graph
Nodes: 256
Edges: 383
Tot Weight: 383
Max Weight: 1
W Hist: 32257 383 
1 120 
0 162 
3 26 163 
2 4 
3 104 
6 245 
5 7 8 197 246 
6 8 9 198 
6 7 
7 10 98 
9 11 99 209 
10 210 225 
23 178 
24 179 
15 122 
14 
60 

76 159 161 
77 162 175 
53 176 248 
22 
21 23 64 85 167 
12 22 65 74 86 
13 70 163 
48 71 164 
2 
47 64 81 102 103 247 
29 48 65 104 105 248 
28 31 47 152 216 
104 
29 105 
35 38 40 41 110 179 
36 39 111 161 180 241 
38 107 162 171 242 
32 125 
33 
38 116 133 240 
32 34 37 39 134 
33 38 
32 45 54 80 
32 55 113 215 218 
114 219 

57 92 
40 60 125 
47 126 195 
27 29 46 81 
25 28 
56 59 111 120 212 
155 185 230 
152 186 
153 167 223 
20 75 168 224 
40 56 135 
41 57 213 
49 54 113 
44 55 58 169 
57 59 170 
49 58 71 
16 45 72 130 178 
77 131 179 255 
78 

22 27 155 
23 28 68 156 
148 217 
149 218 
65 69 
68 
24 203 253 
25 59 197 254 
60 91 110 141 240 
92 111 
23 
53 79 103 128 184 
18 80 103 104 129 173 185 
19 61 104 
62 128 
75 81 108 114 129 140 162 
40 76 109 141 
27 47 79 82 202 
81 83 108 203 
82 89 94 109 

22 
23 103 107 
92 155 
93 118 131 156 
83 119 132 
135 243 
72 
44 73 87 
88 101 118 
83 95 102 119 186 
94 179 
180 227 
106 153 228 
9 107 139 154 
10 201 
103 
93 104 
27 94 133 
27 75 76 86 100 134 170 
4 28 30 76 77 101 
28 31 
97 108 113 153 212 
34 86 98 109 114 154 213 
79 82 106 
80 83 107 110 133 
32 72 109 111 134 170 
33 49 73 110 
197 
41 56 106 
42 79 107 
239 
37 120 152 240 

88 93 128 216 
89 94 129 217 
0 49 116 
135 153 
14 140 154 161 188 
136 141 162 189 
125 137 144 176 237 240 
35 45 124 
46 255 
220 
75 78 118 221 
76 79 119 
60 145 153 
61 88 146 154 
89 218 
37 102 109 135 219 
38 103 110 139 146 183 
54 90 121 133 138 
123 142 
124 143 247 
135 
98 134 194 
79 122 
72 80 123 142 
136 141 143 207 
137 142 
124 203 
130 178 204 
131 134 179 

66 164 
67 
253 
254 
29 51 116 
52 97 106 121 130 240 
98 107 122 131 162 
50 64 87 
65 88 167 178 
168 179 
159 195 
18 158 163 203 
164 204 
18 33 122 203 255 
1 19 34 79 123 154 164 171 
2 24 159 165 170 
25 148 160 162 
163 229 
230 
22 52 156 186 
53 157 
57 215 
58 103 110 163 
34 162 
175 
76 176 
208 
19 172 209 
20 124 173 227 
178 194 217 228 
12 60 145 156 177 179 195 218 
13 32 61 95 146 157 178 237 
33 96 


134 188 
75 189 238 
50 76 239 
51 94 167 
197 208 
122 183 209 
123 184 195 216 252 
218 
193 

191 219 241 
139 177 242 
46 158 178 189 
197 225 
6 71 112 187 196 
7 


99 
81 206 215 227 
70 82 144 159 161 
145 160 218 
219 243 
202 
142 237 
174 187 243 
10 175 188 212 244 
11 
223 
49 106 209 224 
55 107 

41 169 202 230 233 
29 118 189 240 
66 119 177 218 225 
41 67 132 178 190 204 217 219 226 
42 133 193 205 218 
127 
128 
224 229 
52 211 225 230 243 254 
53 212 222 244 
11 196 217 223 
218 
96 176 202 
97 177 
165 222 238 240 
50 166 215 223 239 

237 
215 



124 179 207 232 253 
184 229 239 254 
115 185 230 238 
37 72 116 124 153 216 229 
33 193 
34 194 
90 205 208 223 
209 224 250 
5 251 
6 
27 137 251 
20 28 251 252 
252 
244 
245 247 248 
189 248 249 
70 150 237 255 
71 151 223 238 
61 126 161 253 

Best Fitness: 21
Epidemic Profile
V0   [0  128]: 1 1 1 2 3 3 2 1 2 1 1 2 1 5 4 2 3 3 4 3 2 3 5 6 6 9 10 12 11 8 5 3 4 1 1 1 1 2 1 1 1 2 1 7 1 1 2 2 
Self-Driving Automata
0 <- 1
0 + 0 -> 11 [ 0 ]
0 + 1 -> 3 [ 0 ]
1 + 0 -> 5 [ 1 1 ]
1 + 1 -> 2 [ 1 ]
2 + 0 -> 2 [ 0 ]
2 + 1 -> 0 [ 0 ]
3 + 0 -> 11 [ 1 ]
3 + 1 -> 10 [ 1 0 ]
4 + 0 -> 5 [ 0 0 ]
4 + 1 -> 10 [ 0 0 ]
5 + 0 -> 6 [ 0 0 ]
5 + 1 -> 7 [ 1 ]
6 + 0 -> 6 [ 0 ]
6 + 1 -> 1 [ 0 ]
7 + 0 -> 6 [ 0 ]
7 + 1 -> 10 [ 0 ]
8 + 0 -> 8 [ 1 0 ]
8 + 1 -> 1 [ 0 ]
9 + 0 -> 2 [ 1 ]
9 + 1 -> 6 [ 0 ]
10 + 0 -> 3 [ 0 1 ]
10 + 1 -> 5 [ 1 1 ]
11 + 0 -> 1 [ 0 ]
11 + 1 -> 8 [ 1 ]
Graph
Nodes: 256
Edges: 383
Tot Weight: 383
Max Weight: 1
W Hist: 32257 383 
1 120 
0 162 
3 26 163 
2 4 
3 104 
6 245 
5 7 8 197 246 
6 8 9 198 
6 7 
7 10 98 
9 11 99 209 
10 210 225 
23 178 
24 179 
15 122 
14 
60 

76 159 161 
77 162 175 
53 176 248 
22 
21 23 64 85 167 
12 22 65 74 86 
13 70 163 
48 71 164 
2 
47 64 81 102 103 247 
29 48 65 104 105 248 
28 31 47 152 216 
104 
29 105 
35 38 40 41 110 179 
36 39 111 161 180 241 
38 107 162 171 242 
32 125 
33 
38 116 133 240 
32 34 37 39 134 
33 38 
32 45 54 80 
32 55 113 215 218 
114 219 

57 92 
40 60 125 
47 126 195 
27 29 46 81 
25 28 
56 59 111 120 212 
155 185 230 
152 186 
153 167 223 
20 75 168 224 
40 56 135 
41 57 213 
49 54 113 
44 55 58 169 
57 59 170 
49 58 71 
16 45 72 130 178 
77 131 179 255 
78 

22 27 155 
23 28 68 156 
148 217 
149 218 
65 69 
68 
24 203 253 
25 59 197 254 
60 91 110 141 240 
92 111 
23 
53 79 103 128 184 
18 80 103 104 129 173 185 
19 61 104 
62 128 
75 81 108 114 129 140 162 
40 76 109 141 
27 47 79 82 202 
81 83 108 203 
82 89 94 109 

22 
23 103 107 
92 155 
93 118 131 156 
83 119 132 
135 243 
72 
44 73 87 
88 101 118 
83 95 102 119 186 
94 179 
180 227 
106 153 228 
9 107 139 154 
10 201 
103 
93 104 
27 94 133 
27 75 76 86 100 134 170 
4 28 30 76 77 101 
28 31 
97 108 113 153 212 
34 86 98 109 114 154 213 
79 82 106 
80 83 107 110 133 
32 72 109 111 134 170 
33 49 73 110 
197 
41 56 106 
42 79 107 
239 
37 120 152 240 

88 93 128 216 
89 94 129 217 
0 49 116 
135 153 
14 140 154 161 188 
136 141 162 189 
125 137 144 176 237 240 
35 45 124 
46 255 
220 
75 78 118 221 
76 79 119 
60 145 153 
61 88 146 154 
89 218 
37 102 109 135 219 
38 103 110 139 146 183 
54 90 121 133 138 
123 142 
124 143 247 
135 
98 134 194 
79 122 
72 80 123 142 
136 141 143 207 
137 142 
124 203 
130 178 204 
131 134 179 

66 164 
67 
253 
254 
29 51 116 
52 97 106 121 130 240 
98 107 122 131 162 
50 64 87 
65 88 167 178 
168 179 
159 195 
18 158 163 203 
164 204 
18 33 122 203 255 
1 19 34 79 123 154 164 171 
2 24 159 165 170 
25 148 160 162 
163 229 
230 
22 52 156 186 
53 157 
57 215 
58 103 110 163 
34 162 
175 
76 176 
208 
19 172 209 
20 124 173 227 
178 194 217 228 
12 60 145 156 177 179 195 218 
13 32 61 95 146 157 178 237 
33 96 


134 188 
75 189 238 
50 76 239 
51 94 167 
197 208 
122 183 209 
123 184 195 216 252 
218 
193 

191 219 241 
139 177 242 
46 158 178 189 
197 225 
6 71 112 187 196 
7 


99 
81 206 215 227 
70 82 144 159 161 
145 160 218 
219 243 
202 
142 237 
174 187 243 
10 175 188 212 244 
11 
223 
49 106 209 224 
55 107 

41 169 202 230 233 
29 118 189 240 
66 119 177 218 225 
41 67 132 178 190 204 217 219 226 
42 133 193 205 218 
127 
128 
224 229 
52 211 225 230 243 254 
53 212 222 244 
11 196 217 223 
218 
96 176 202 
97 177 
165 222 238 240 
50 166 215 223 239 

237 
215 



124 179 207 232 253 
184 229 239 254 
115 185 230 238 
37 72 116 124 153 216 229 
33 193 
34 194 
90 205 208 223 
209 224 250 
5 251 
6 
27 137 251 
20 28 251 252 
252 
244 
245 247 248 
189 248 249 
70 150 237 255 
71 151 223 238 
61 126 161 253 

Best Fitness: 21.4667
Epidemic Profile
V0   [0  128]: 1 1 1 4 5 4 7 8 5 6 6 5 1 1 1 2 1 3 4 8 5 2 2 4 7 7 5 2 1 1 1 3 3 4 6 4 2 1 1 4 6 3 1 3 5 1 2 4 2 2 
Self-Driving Automata
0 <- 1
0 + 0 -> 11 [ 0 ]
0 + 1 -> 3 [ 0 ]
1 + 0 -> 5 [ 1 1 ]
1 + 1 -> 2 [ 1 ]
2 + 0 -> 2 [ 0 ]
2 + 1 -> 0 [ 0 ]
3 + 0 -> 11 [ 1 ]
3 + 1 -> 2 [ 0 1 ]
4 + 0 -> 1 [ 0 0 ]
4 + 1 -> 10 [ 0 0 ]
5 + 0 -> 6 [ 0 0 ]
5 + 1 -> 7 [ 1 ]
6 + 0 -> 6 [ 0 ]
6 + 1 -> 1 [ 0 ]
7 + 0 -> 6 [ 0 ]
7 + 1 -> 10 [ 0 ]
8 + 0 -> 6 [ 1 0 ]
8 + 1 -> 1 [ 0 ]
9 + 0 -> 2 [ 1 ]
9 + 1 -> 6 [ 0 ]
10 + 0 -> 3 [ 0 ]
10 + 1 -> 5 [ 1 1 ]
11 + 0 -> 1 [ 0 ]
11 + 1 -> 8 [ 1 ]
Graph
Nodes: 256
Edges: 383
Tot Weight: 383
Max Weight: 1
W Hist: 32257 383 
1 120 
0 162 
3 26 163 
2 4 
3 104 
6 245 
5 7 8 197 246 
6 8 9 198 
6 7 
7 10 98 
9 11 99 209 
10 210 225 
23 178 
24 179 
15 122 
14 
60 

76 159 161 
77 162 175 
53 176 248 
22 
21 23 64 85 167 
12 22 65 74 86 
13 70 163 
48 71 164 
2 
47 64 81 102 103 247 
29 48 65 104 105 248 
28 31 47 152 216 
104 
29 105 
35 38 40 41 110 179 
36 39 111 161 180 241 
38 107 162 171 242 
32 125 
33 
38 116 133 240 
32 34 37 39 134 
33 38 
32 45 54 80 
32 55 113 215 218 
114 219 

57 92 
40 60 125 
47 126 195 
27 29 46 81 
25 28 
56 59 111 120 212 
155 185 230 
152 186 
153 167 223 
20 75 168 224 
40 56 135 
41 57 213 
49 54 113 
44 55 58 169 
57 59 170 
49 58 71 
16 45 72 130 178 
77 131 179 255 
78 

22 27 155 
23 28 68 156 
148 217 
149 218 
65 69 
68 
24 203 253 
25 59 197 254 
60 91 110 141 240 
92 111 
23 
53 79 103 128 184 
18 80 103 104 129 173 185 
19 61 104 
62 128 
75 81 108 114 129 140 162 
40 76 109 141 
27 47 79 82 202 
81 83 108 203 
82 89 94 109 

22 
23 103 107 
92 155 
93 118 131 156 
83 119 132 
135 243 
72 
44 73 87 
88 101 118 
83 95 102 119 186 
94 179 
180 227 
106 153 228 
9 107 139 154 
10 201 
103 
93 104 
27 94 133 
27 75 76 86 100 134 170 
4 28 30 76 77 101 
28 31 
97 108 113 153 212 
34 86 98 109 114 154 213 
79 82 106 
80 83 107 110 133 
32 72 109 111 134 170 
33 49 73 110 
197 
41 56 106 
42 79 107 
239 
37 120 152 240 

88 93 128 216 
89 94 129 217 
0 49 116 
135 153 
14 140 154 161 188 
136 141 162 189 
125 137 144 176 237 240 
35 45 124 
46 255 
220 
75 78 118 221 
76 79 119 
60 145 153 
61 88 146 154 
89 218 
37 102 109 135 219 
38 103 110 139 146 183 
54 90 121 133 138 
123 142 
124 143 247 
135 
98 134 194 
79 122 
72 80 123 142 
136 141 143 207 
137 142 
124 203 
130 178 204 
131 134 179 

66 164 
67 
253 
254 
29 51 116 
52 97 106 121 130 240 
98 107 122 131 162 
50 64 87 
65 88 167 178 
168 179 
159 195 
18 158 163 203 
164 204 
18 33 122 203 255 
1 19 34 79 123 154 164 171 
2 24 159 165 170 
25 148 160 162 
163 229 
230 
22 52 156 186 
53 157 
57 215 
58 103 110 163 
34 162 
175 
76 176 
208 
19 172 209 
20 124 173 227 
178 194 217 228 
12 60 145 156 177 179 195 218 
13 32 61 95 146 157 178 237 
33 96 


134 188 
75 189 238 
50 76 239 
51 94 167 
197 208 
122 183 209 
123 184 195 216 252 
218 
193 

191 219 241 
139 177 242 
46 158 178 189 
197 225 
6 71 112 187 196 
7 


99 
81 206 215 227 
70 82 144 159 161 
145 160 218 
219 243 
202 
142 237 
174 187 243 
10 175 188 212 244 
11 
223 
49 106 209 224 
55 107 

41 169 202 230 233 
29 118 189 240 
66 119 177 218 225 
41 67 132 178 190 204 217 219 226 
42 133 193 205 218 
127 
128 
224 229 
52 211 225 230 243 254 
53 212 222 244 
11 196 217 223 
218 
96 176 202 
97 177 
165 222 238 240 
50 166 215 223 239 

237 
215 



124 179 207 232 253 
184 229 239 254 
115 185 230 238 
37 72 116 124 153 216 229 
33 193 
34 194 
90 205 208 223 
209 224 250 
5 251 
6 
27 137 251 
20 28 251 252 
252 
244 
245 247 248 
189 248 249 
70 150 237 255 
71 151 223 238 
61 126 161 253 

Best Fitness: 21.7667
Epidemic Profile
V0   [0  128]: 1 1 1 1 1 2 3 2 2 2 4 2 2 2 3 6 10 14 19 16 9 8 12 7 5 3 5 2 3 6 4 3 1 1 2 1 1 2 2 3 3 1 1 2 2 4 3 2 2 
Self-Driving Automata
0 <- 1
0 + 0 -> 11 [ 0 ]
0 + 1 -> 3 [ 0 ]
1 + 0 -> 5 [ 1 1 ]
1 + 1 -> 2 [ 1 ]
2 + 0 -> 2 [ 0 ]
2 + 1 -> 0 [ 0 ]
3 + 0 -> 11 [ 1 ]
3 + 1 -> 11 [ 0 0 ]
4 + 0 -> 1 [ 1 ]
4 + 1 -> 9 [ 0 ]
5 + 0 -> 6 [ 0 0 ]
5 + 1 -> 7 [ 1 ]
6 + 0 -> 6 [ 0 ]
6 + 1 -> 1 [ 0 ]
7 + 0 -> 6 [ 1 ]
7 + 1 -> 10 [ 0 ]
8 + 0 -> 6 [ 1 0 ]
8 + 1 -> 1 [ 0 ]
9 + 0 -> 2 [ 1 0 ]
9 + 1 -> 2 [ 0 ]
10 + 0 -> 3 [ 0 ]
10 + 1 -> 5 [ 1 1 ]
11 + 0 -> 1 [ 0 ]
11 + 1 -> 8 [ 1 ]
Graph
Nodes: 256
Edges: 383
Tot Weight: 383
Max Weight: 1
W Hist: 32257 383 
1 120 
0 162 
3 26 163 
2 4 
3 104 
6 245 
5 7 8 197 246 
6 8 9 198 
6 7 
7 10 98 
9 11 99 209 
10 210 225 
23 178 
24 179 
15 122 
14 
60 

76 159 161 
77 162 175 
53 176 248 
22 
21 23 64 85 167 
12 22 65 74 86 
13 70 163 
48 71 164 
2 
47 64 81 102 103 247 
29 48 65 104 105 248 
28 31 47 152 216 
104 
29 105 
35 38 40 41 110 179 
36 39 111 161 180 241 
38 107 162 171 242 
32 125 
33 
38 116 133 240 
32 34 37 39 134 
33 38 
32 45 54 80 
32 55 113 215 218 
114 219 

57 92 
40 60 125 
47 126 195 
27 29 46 81 
25 28 
56 59 111 120 212 
155 185 230 
152 186 
153 167 223 
20 75 168 224 
40 56 135 
41 57 213 
49 54 113 
44 55 58 169 
57 59 170 
49 58 71 
16 45 72 130 178 
77 131 179 255 
78 

22 27 155 
23 28 68 156 
148 217 
149 218 
65 69 
68 
24 203 253 
25 59 197 254 
60 91 110 141 240 
92 111 
23 
53 79 103 128 184 
18 80 103 104 129 173 185 
19 61 104 
62 128 
75 81 108 114 129 140 162 
40 76 109 141 
27 47 79 82 202 
81 83 108 203 
82 89 94 109 

22 
23 103 107 
92 155 
93 118 131 156 
83 119 132 
135 243 
72 
44 73 87 
88 101 118 
83 95 102 119 186 
94 179 
180 227 
106 153 228 
9 107 139 154 
10 201 
103 
93 104 
27 94 133 
27 75 76 86 100 134 170 
4 28 30 76 77 101 
28 31 
97 108 113 153 212 
34 86 98 109 114 154 213 
79 82 106 
80 83 107 110 133 
32 72 109 111 134 170 
33 49 73 110 
197 
41 56 106 
42 79 107 
239 
37 120 152 240 

88 93 128 216 
89 94 129 217 
0 49 116 
135 153 
14 140 154 161 188 
136 141 162 189 
125 137 144 176 237 240 
35 45 124 
46 255 
220 
75 78 118 221 
76 79 119 
60 145 153 
61 88 146 154 
89 218 
37 102 109 135 219 
38 103 110 139 146 183 
54 90 121 133 138 
123 142 
124 143 247 
135 
98 134 194 
79 122 
72 80 123 142 
136 141 143 207 
137 142 
124 203 
130 178 204 
131 134 179 

66 164 
67 
253 
254 
29 51 116 
52 97 106 121 130 240 
98 107 122 131 162 
50 64 87 
65 88 167 178 
168 179 
159 195 
18 158 163 203 
164 204 
18 33 122 203 255 
1 19 34 79 123 154 164 171 
2 24 159 165 170 
25 148 160 162 
163 229 
230 
22 52 156 186 
53 157 
57 215 
58 103 110 163 
34 162 
175 
76 176 
208 
19 172 209 
20 124 173 227 
178 194 217 228 
12 60 145 156 177 179 195 218 
13 32 61 95 146 157 178 237 
33 96 


134 188 
75 189 238 
50 76 239 
51 94 167 
197 208 
122 183 209 
123 184 195 216 252 
218 
193 

191 219 241 
139 177 242 
46 158 178 189 
197 225 
6 71 112 187 196 
7 


99 
81 206 215 227 
70 82 144 159 161 
145 160 218 
219 243 
202 
142 237 
174 187 243 
10 175 188 212 244 
11 
223 
49 106 209 224 
55 107 

41 169 202 230 233 
29 118 189 240 
66 119 177 218 225 
41 67 132 178 190 204 217 219 226 
42 133 193 205 218 
127 
128 
224 229 
52 211 225 230 243 254 
53 212 222 244 
11 196 217 223 
218 
96 176 202 
97 177 
165 222 238 240 
50 166 215 223 239 

237 
215 



124 179 207 232 253 
184 229 239 254 
115 185 230 238 
37 72 116 124 153 216 229 
33 193 
34 194 
90 205 208 223 
209 224 250 
5 251 
6 
27 137 251 
20 28 251 252 
252 
244 
245 247 248 
189 248 249 
70 150 237 255 
71 151 223 238 
61 126 161 253 

